r = 2.23607	 	theta = 1.10715
r = 2.23607	 	theta = 2.03444
r = 2.23607	 	theta = -2.03444
r = 2.23607	 	theta = -1.10715
